64
14
74
227
197
15
16
255
143
48
230
68
98
53
78
164
168
111
176
238
50
225
218
224
52
230
37
4
29
50
31
107
185
222
180
103
48
19
66
247
155
217
14
240
37
191
44
91
115
112
194
205
143
182
17
224
211
40
209
131
51
45
218
218
189
25
221
38
108
57
254
79
100
197
225
12
187
3
19
137
70
21
130
126
26
65
148
110
32
172
46
86
60
12
196
200
153
89
27
147
48
25
194
111
22
164
240
75
212
55
216
33
195
173
247
191
207
191
247
200
118
165
124
28
148
152
101
135
117
248
143
147
197
84
174
162
11
160
206
197
109
30
127
223
187
227
125
238
185
196
19
255
27
108
159
175
178
76
250
16
176
148
193
202
254
35
126
126
57
112
22
165
124
70
124
47
111
109
156
185
146
212
162
70
188
32
153
247
147
84
128
11
222
66
34
87
140
133
102
71
143
188
181
182
235
217
160
240
216
121
0
206
83
222
6
223
22
128
135
222
97
97
150
178
193
241
162
183
148
231
247
212
193
116
139
219
103
143
147
177
147
16
2
97
132
116
70
99
157
1
27
85
199
184
56
22
31
184
208
155
128
145
49
163
254
92
136
75
239
34
192
190
246
52
219
84
158
219
25
96
0
72
94
244
26
107
14
180
224
114
76
59
150
167
196
59
3
143
77
17
15
53
219
34
5
59
18
105
27
152
46
173
97
220
195
140
3
52
124
32
83
153
209
70
178
238
79
188
206
47
83
3
86
175
138
66
28
202
13
234
195
5
225
237
223
29
187
87
20
68
100
141
206
58
200
27
207
87
161
238
25
83
115
48
11
225
203
69
236
70
202
50
94
210
105
102
227
180
176
150
151
111
220
250
70
231
92
232
192
139
124
75
145
74
216
120
37
132
247
202
118
7
26
102
211
47
66
217
237
28
163
152
33
5
88
49
183
61
171
9
18
14
209
225
183
73
243
233
148
117
163
58
135
160
42
220
229
165
182
135
12
24
208
192
151
124
127
205
141
140
107
125
230
62
214
247
64
254
215
83
156
97
138
122
4
33
156
205
253
14
4
225
45
95
142
205
170
24
199
230
229
139
42
111
6
49
209
244
203
226
241
29
144
245
18
122
118
191
164
106
72
2
47
22
172
1
231
60
64
145
153
255
135
251
9
240
16
33
109
218
144
217
49
29
77
12
246
219
88
125
191
80
85
181
20
209
182
236
112
73
84
213
214
230
195
250
44
7
27
79
95
212
230
32
125
135
66
223
146
50
37
124
117
15
127
246
207
128
154
165
123
5
21
143
128
216
223
167
147
147
91
58
211
111
126
143
223
46
234
38
141
179
212
181
128
219
21
62
108
53
58
214
229
166
246
88
91
126
12
37
39
149
128
140
2
141
253
33
160
50
159
106
125
44
34
28
50
200
126
171
219
225
113
233
218
232
186
8
22
136
129
233
187
237
227
186
177
115
236
34
237
31
41
238
32
69
208
1
132
135
215
73
108
233
71
199
187
248
210
250
111
212
1
23
168
31
132
145
212
214
124
245
172
3
170
86
52
84
16
126
112
113
225
77
199
214
21
239
212
82
119
22
129
32
41
158
237
91
153
248
21
199
90
217
124
13
73
144
57
227
163
7
153
211
102
101
234
2
183
111
178
26
238
237
202
200
72
190
96
123
39
197
47
38
194
126
154
251
235
66
118
197
105
208
219
146
80
92
230
90
76
66
206
11
243
116
143
182
139
3
13
119
157
167
125
39
175
197
138
153
235
71
200
123
100
164
190
230
31
230
54
180
57
171
19
105
100
240
72
144
9
213
248
231
32
16
189
124
91
83
103
199
217
160
0
165
15
181
102
96
30
6
206
129
163
120
251
20
26
115
35
237
224
243
100
215
16
255
56
61
62
12
46
247
124
200
247
144
186
25
75
211
69
30
107
96
236
118
5
43
50
238
24
73
62
26
208
40
0
154
83
83
130
252
202
129
39
94
230
81
200
232
23
42
182
193
179
225
3
249
164
51
228
58
44
131
161
196
60
82
171
26
54
23
117
209
111
67
80
77
5
33
154
129
169
165
240
88
35
228
41
213
74
205
139
244
99
15
17
104
38
76
83
155
222
164
176
125
165
214
184
178
124
187
240
19
226
170
3
162
55
52
8
164
246
222
52
178
44
46
68
231
227
162
9
253
46
0
211
182
72
211
252
222
58
71
32
175
73
176
94
171
142
211
154
202
196
21
102
7
64
214
122
57
63
53
243
177
141
70
239
230
179
1
196
90
36
170
89
227
34
48
243
193
148
215
61
237
174
86
248
198
126
125
204
158
141
208
175
92
5
62
83
125
125
32
82
92
22
70
33
138
3
246
12
80
37
213
249
26
207
153
137
101
140
59
54
145
71
215
205
224
120
211
9
175
153
197
205
59
221
65
113
122
242
7
163
210
24
241
120
95
14
155
165
17
21
3
121
82
99
197
122
133
88
138
140
118
23
225
22
212
103
45
157
89
101
28
34
242
65
132
245
65
106
40
192
192
187
92
145
236
91
54
70
163
102
151
87
232
35
142
29
18
27
242
124
134
184
177
205
167
142
78
139
29
101
251
242
52
140
152
48
228
243
56
127
182
110
138
215
53
88
245
228
166
100
60
43
204
1
154
110
76
159
117
71
59
45
199
162
52
211
42
44
143
158
236
163
115
58
232
2
35
195
34
223
175
29
18
218
161
41
27
199
198
242
33
152
116
80
210
185
99
88
162
64
14
189
197
2
45
251
60
160
190
70
116
125
4
170
217
93
250
71
79
17
20
56
183
203
151
55
71
24
108
57
245
198
112
235
36
134
73
70
171
83
31
138
14
217
213
101
58
55
103
40
197
196
70
65
167
70
104
150
104
23
249
102
105
227
90
219
141
133
190
182
104
162
221
127
12
132
195
96
236
187
131
235
152
211
249
137
18
43
191
133
59
101
101
242
151
24
129
118
110
195
124
156
3
76
108
139
53
189
56
195
57
140
44
66
228
192
212
228
130
199
78
253
57
164
44
15
205
94
214
197
253
185
130
100
148
62
17
247
250
23
210
16
152
223
176
73
47
201
208
175
6
140
250
160
226
110
106
11
225
87
97
15
78
171
47
227
135
162
11
121
118
76
229
33
179
13
192
214
241
15
27
201
202
234
193
38
6
147
255
174
37
221
165
167
218
211
129
244
159
53
36
238
94
149
102
210
82
113
244
160
103
253
105
93
204
143
102
236
100
136
217
145
26
170
243
242
193
124
181
119
22
240
226
207
219
196
134
154
170
81
132
100
122
87
180
70
176
90
24
172
59
83
196
235
165
162
121
86
44
21
102
249
153
58
202
238
67
56
184
227
241
185
130
107
127
22
7
69
43
54
246
135
66
145
229
108
190
91
166
29
169
173
123
158
110
60
129
3
210
103
97
72
80
161
238
221
207
132
175
14
159
227
24
53
29
163
58
76
207
40
111
70
183
75
108
235
234
110
161
153
111
170
75
186
22
46
150
246
157
26
205
196
160
232
73
21
137
142
84
249
89
249
64
186
184
221
111
169
170
148
136
207
121
245
73
97
162
251
171
18
150
27
190
44
104
92
4
39
29
119
237
218
30
147
40
154
250
7
83
254
112
127
110
236
112
236
94
43
73
41
202
133
132
243
96
12
185
173
31
128
105
96
40
223
244
165
184
177
123
123
22
106
35
38
162
37
176
248
246
91
223
239
84
226
39
252
219
176
158
16
192
178
251
58
236
198
251
89
135
164
136
84
84
54
92
198
198
206
143
246
173
18
136
227
168
209
62
2
200
113
171
180
247
116
150
42
146
50
88
215
235
207
21
188
133
204
128
60
50
62
31
28
39
211
117
1
193
85
0
96
18
35
241
112
232
201
58
109
254
167
79
77
39
36
158
212
86
102
199
30
90
212
47
241
239
9
65
56
29
239
185
55
42
88
196
222
34
218
164
20
154
16
23
121
70
225
101
122
225
62
109
215
151
168
146
15
22
12
101
170
186
224
250
228
108
167
250
195
168
172
66
185
88
102
42
151
67
10
195
133
126
178
122
44
217
13
199
30
212
243
132
95
126
254
43
169
160
182
145
51
101
225
99
163
47
51
27
190
9
218
252
222
250
170
192
12
241
231
211
19
40
235
98
62
196
117
255
20
248
122
4
152
80
60
50
109
147
119
141
152
168
11
165
156
218
194
145
94
245
216
127
55
11
86
67
54
44
221
195
179
125
53
41
105
21
54
108
245
11
232
241
213
19
98
158
126
22
101
93
104
7
142
32
0
4
49
42
45
202
162
195
238
17
202
57
223
48
227
160
44
255
97
208
170
31
233
50
78
247
141
98
158
249
6
54
253
101
161
138
247
221
230
153
61
216
107
191
4
56
197
33
83
23
85
183
218
76
57
117
14
235
147
74
203
71
136
86
29
106
31
157
157
162
83
159
173
159
37
223
236
143
84
139
27
8
240
135
81
122
46
74
140
176
184
238
13
34
147
194
33
25
108
172
251
183
124
225
66
211
200
54
142
162
113
225
136
89
151
65
182
79
237
93
151
222
191
117
205
108
49
34
54
223
78
39
12
164
243
153
247
84
230
101
12
220
14
0
251
212
144
20
223
82
87
140
106
112
194
75
112
143
135
91
95
117
208
137
98
190
199
167
100
133
132
180
71
1
244
166
105
56
84
105
112
144
255
29
165
171
56
236
51
119
37
251
207
5
46
201
235
121
13
232
125
129
83
236
177
154
157
5
125
177
242
77
43
78
174
83
114
238
220
127
134
103
42
22
49
166
52
171
194
227
112
12
173
53
75
220
56
115
81
119
82
8
87
17
184
59
123
164
207
120
61
183
111
74
214
221
166
245
16
206
51
59
97
66
38
217
255
92
81
132
98
40
78
166
236
149
61
46
240
18
84
43
212
83
192
191
49
13
61
207
254
193
60
104
134
143
229
68
130
128
204
17
179
85
16
237
223
95
143
191
154
187
155
191
100
163
12
68
216
56
252
70
235
84
238
105
91
251
124
23
109
92
34
81
11
202
146
160
6
123
92
163
86
67
138
24
144
172
20
172
28
239
113
5
161
39
120
69
135
39
20
180
156
112
246
187
163
219
240
242
102
3
105
164
181
81
254
148
4
2
64
56
185
115
159
184
239
20
38
137
40
115
13
253
21
122
121
196
85
107
251
59
160
60
136
132
221
72
98
26
145
4
10
6
178
197
134
215
27
233
49
79
240
253
230
59
178
150
182
148
74
74
187
212
141
181
117
240
186
90
3
56
147
144
114
72
217
73
228
33
53
174
79
159
233
110
146
189
136
166
34
116
159
62
10
69
194
217
65
115
109
3
32
100
23
156
106
101
125
89
177
130
195
110
169
46
86
22
181
180
56
126
144
122
245
14
147
130
145
67
67
147
250
246
130
145
161
239
88
186
41
144
242
100
216
1
83
142
37
4
177
238
124
179
178
168
66
172
185
236
48
157
178
171
52
214
219
139
115
161
239
241
211
63
38
38
213
35
122
127
114
227
156
153
60
53
211
195
88
86
24
170
168
122
201
70
239
150
124
216
168
238
165
217
133
252
26
252
150
99
45
46
193
222
114
26
81
55
119
158
224
235
231
77
241
188
65
24
8
102
239
21
142
75
16
2
253
212
114
64
149
153
197
17
78
86
89
23
246
208
42
190
50
180
66
120
42
14
137
216
13
54
83
240
159
84
191
228
199
198
199
22
201
28
134
178
228
229
122
181
226
8
64
137
176
93
184
61
82
187
83
159
232
142
4
158
4
176
255
151
154
51
84
40
4
196
181
114
199
10
193
96
29
254
204
229
160
147
18
143
250
146
217
149
213
121
75
130
32
81
149
255
111
184
148
101
162
14
184
101
40
86
182
178
200
136
51
251
175
220
26
214
193
189
104
196
248
238
84
175
150
218
120
255
62
21
143
93
128
231
177
109
80
82
162
65
110
103
12
82
173
51
51
138
115
78
242
181
125
60
75
62
64
42
149
126
44
79
180
41
226
21
58
187
160
249
185
208
82
244
166
172
61
205
1
80
211
254
63
78
82
38
105
243
14
239
138
172
128
165
90
24
96
53
158
29
48
110
205
82
170
23
63
220
51
55
58
35
215
109
114
92
38
164
125
184
101
170
115
121
26
218
78
164
49
5
201
85
15
253
112
124
37
213
50
124
159
171
255
180
212
91
234
182
245
133
104
176
218
217
109
90
11
71
59
100
72
60
183
14
197
143
165
160
217
215
19
234
156
31
82
213
73
6
86
223
25
80
38
73
196
108
117
116
56
238
195
255
112
188
126
215
88
223
192
183
126
28
176
46
102
11
6
157
240
103
100
242
162
69
7
197
209
212
169
46
203
22
252
220
143
149
231
35
131
137
22
216
25
229
17
228
7
194
203
166
247
35
241
148
243
142
37
3
214
182
129
135
235
87
192
69
227
135
53
94
73
91
249
15
103
62
112
176
110
243
153
218
105
58
100
153
77
84
200
205
36
35
11
6
242
198
56
67
243
45
43
23
140
250
237
232
243
220
40
230
248
93
52
65
245
119
208
213
165
31
90
192
203
159
163
164
84
241
126
132
198
193
155
24
100
75
29
216
211
115
75
156
201
33
169
202
117
33
203
223
148
241
80
5
92
63
89
93
43
40
185
137
247
248
70
178
191
2
138
110
125
96
222
50
225
68
122
209
176
104
214
229
77
12
218
244
243
217
4
132
27
184
82
117
232
240
51
97
17
38
110
76
28
107
159
200
133
122
101
202
174
240
116
244
133
6
110
40
158
249
106
195
207
231
30
79
58
142
206
186
88
158
63
35
47
224
83
240
117
25
42
170
197
211
160
35
8
36
170
133
122
86
193
249
58
2
171
155
142
202
73
81
31
156
110
105
197
224
178
179
237
97
253
99
243
4
117
47
116
198
214
143
94
165
48
12
121
86
11
51
191
102
73
183
89
194
238
46
217
19
220
107
79
136
28
73
236
234
82
161
166
65
157
40
111
226
113
83
184
251
88
90
119
61
209
29
199
169
34
249
255
191
248
233
94
202
78
148
126
26
107
124
132
60
149
103
38
163
73
8
61
154
146
92
134
106
78
234
185
214
133
113
117
110
221
16
167
212
192
173
51
105
167
22
22
95
36
32
228
213
8
123
193
98
2
21
153
215
219
84
165
18
161
227
64
197
187
253
63
165
109
57
59
254
61
208
62
188
85
215
90
141
197
14
4
196
191
144
163
8
135
173
82
15
141
172
12
176
255
17
66
74
172
41
191
104
139
240
87
217
183
113
23
146
24
158
108
178
8
232
42
194
178
136
224
181
24
89
244
133
91
177
212
231
9
169
189
176
185
197
146
212
246
110
64
125
180
154
159
145
18
2
147
220
61
11
195
199
135
249
69
246
130
83
156
5
80
196
130
87
133
27
198
98
38
176
57
86
184
8
76
16
56
10
81
175
178
46
118
147
224
66
13
8
83
8
204
81
121
128
133
123
51
80
191
14
250
247
129
68
96
182
47
5
205
178
98
164
184
109
195
210
49
148
88
218
250
96
75
203
5
114
191
33
15
176
148
124
60
104
220
120
116
186
185
163
92
250
162
169
231
191
152
68
165
246
136
155
157
124
216
114
196
8
77
145
160
154
37
48
174
31
211
48
99
245
236
44
151
252
120
176
207
244
213
234
130
235
228
236
74
203
117
50
204
149
198
160
188
191
0
194
21
170
79
98
156
96
94
102
60
94
137
112
72
48
7
249
66
72
143
155
12
196
162
14
242
146
180
202
211
43
173
38
199
230
236
169
151
162
144
238
171
15
157
130
104
167
61
172
168
142
83
115
32
22
6
79
36
127
104
189
111
20
18
19
144
125
25
223
101
59
177
4
19
234
11
221
241
193
217
99
172
198
182
90
151
119
69
146
142
165
199
122
6
156
229
5
231
134
105
32
191
242
72
7
69
126
218
231
203
2
6
37
151
98
244
1
198
8
206
204
187
42
113
83
39
234
67
135
153
10
66
236
8
227
188
101
122
85
24
40
68
95
76
252
52
159
226
169
18
116
169
104
149
156
214
244
60
63
134
144
155
56
48
199
227
206
249
234
119
78
182
18
93
142
223
158
35
205
99
44
125
125
227
249
198
114
74
72
119
47
180
154
75
192
253
162
184
27
117
99
27
214
0
247
203
201
141
83
73
92
156
79
104
2
25
222
255
223
195
7
103
127
11
250
215
233
173
95
206
174
187
223
25
203
3
193
83
130
101
154
91
29
195
5
85
115
66
27
244
84
16
51
89
75
44
103
14
217
157
217
134
210
68
253
207
184
9
174
100
232
236
53
164
44
54
193
15
110
221
162
220
117
11
242
189
110
97
129
245
118
7
248
78
108
230
130
246
166
221
237
101
63
38
55
29
67
90
176
210
22
190
178
163
116
33
99
236
157
197
11
170
192
125
75
32
199
11
215
40
128
90
111
232
122
233
92
77
78
101
151
132
57
166
105
123
186
5
241
139
128
215
14
235
175
6
199
189
225
215
26
213
141
151
105
73
115
176
120
174
203
80
71
138
154
84
31
94
137
119
170
89
170
226
222
210
27
210
148
49
189
174
117
136
125
93
141
226
210
179
54
11
242
139
39
128
148
205
50
106
108
211
130
223
172
130
253
250
160
247
150
117
4
215
78
160
96
203
34
53
209
158
162
240
145
36
112
146
34
87
90
220
69
98
164
249
196
196
250
22
142
201
167
36
231
202
19
96
125
86
204
145
85
129
98
57
58
49
249
32
136
120
143
158
161
17
126
8
37
88
239
48
84
98
88
70
85
21
26
200
169
252
128
27
185
74
41
26
65
203
62
160
188
68
223
125
157
235
120
141
169
191
87
189
177
195
104
47
104
13
185
180
230
161
183
178
38
239
108
217
17
171
253
234
148
51
154
136
163
29
33
233
177
103
213
9
21
29
150
38
41
183
131
225
230
81
244
149
190
142
89
103
55
87
68
106
48
10
177
11
91
175
111
95
14
3
121
157
19
65
23
16
93
81
99
245
221
96
255
30
192
178
247
14
85
113
148
100
213
223
48
100
96
59
35
168
22
48
146
226
179
210
148
129
104
75
203
190
51
43
51
230
4
159
22
9
146
110
203
111
41
224
8
116
117
144
24
39
171
177
76
160
15
253
192
97
82
177
66
103
246
53
133
6
220
125
66
181
164
255
180
106
186
219
20
211
101
75
183
113
233
4
98
242
123
153
103
21
43
78
114
55
57
158
62
115
35
34
217
242
32
154
82
244
83
197
228
69
24
106
161
96
88
248
86
110
171
156
80
170
220
160
111
25
248
47
7
76
217
150
236
7
135
39
78
107
118
77
113
170
136
83
106
239
62
98
250
85
159
211
97
17
75
7
204
243
238
43
214
163
33
147
87
180
203
216
244
82
222
229
85
111
254
50
177
150
95
134
198
73
248
213
131
111
235
136
99
234
126
113
181
125
204
74
138
248
52
40
241
147
87
90
6
236
173
132
151
234
63
134
116
31
193
140
219
85
1
24
179
38
109
24
5
221
247
249
6
92
144
193
65
45
203
128
99
92
23
82
147
100
104
8
137
243
55
207
117
252
164
92
14
112
170
204
189
28
231
163
32
148
187
30
183
207
167
116
104
219
92
3
101
165
165
53
155
136
42
183
104
76
226
232
242
138
187
39
15
122
71
179
27
231
9
55
248
202
42
164
131
109
149
0
248
37
76
212
220
131
141
133
86
46
214
180
139
248
99
40
167
165
133
125
119
108
199
97
16
109
5
128
49
74
183
11
216
138
59
75
123
72
94
76
126
148
226
92
141
13
235
73
92
20
213
54
125
240
154
84
116
180
255
201
136
9
15
251
194
73
243
61
130
224
162
98
117
205
193
145
186
147
191
158
234
18
131
55
155
34
73
94
218
253
130
192
165
121
148
247
105
64
169
151
18
117
184
165
148
152
178
133
224
220
251
139
123
241
194
119
20
145
96
234
155
86
144
84
117
169
122
81
216
208
249
86
220
85
98
108
181
64
90
57
39
142
67
1
204
7
225
48
191
70
90
87
107
134
198
167
200
226
49
101
202
225
136
192
208
125
14
200
168
158
110
200
223
142
130
144
146
25
235
241
72
6
71
172
117
66
29
122
164
240
51
1
93
217
99
96
102
118
233
4
218
97
103
211
41
130
45
145
190
238
216
181
39
198
52
62
217
224
202
87
100
148
255
113
16
240
12
40
151
49
7
38
38
29
46
122
166
27
110
64
47
203
15
9
2
64
252
65
42
89
220
93
100
186
209
0
175
193
122
97
111
165
173
31
191
12
87
85
193
181
247
20
102
184
234
8
67
168
8
9
152
87
234
138
98
75
60
86
9
152
43
155
202
27
202
251
33
177
226
84
97
34
152
3
21
190
162
192
110
109
198
208
188
207
115
0
96
200
156
228
65
48
91
72
109
31
72
28
105
28
77
84
112
131
67
247
139
201
32
100
139
166
225
133
110
188
19
27
98
61
187
0
78
70
235
148
240
18
9
224
113
232
77
82
225
14
139
198
184
133
21
203
127
146
28
3
114
163
59
82
52
151
158
93
70
223
197
98
162
176
71
156
23
211
68
55
128
140
187
237
195
18
253
201
114
131
208
216
130
78
82
158
65
76
199
229
184
64
249
120
177
62
24
103
56
204
100
83
224
52
47
185
70
223
53
10
17
20
212
248
238
219
205
72
229
131
217
174
139
143
230
4
142
38
31
134
249
21
83
140
220
35
221
118
22
169
198
33
105
57
169
27
61
197
162
220
238
109
64
59
175
166
52
190
50
16
78
82
181
56
246
102
222
58
85
150
215
102
102
137
254
45
163
158
255
159
159
103
52
26
69
86
155
216
115
104
114
238
128
247
50
123
59
112
24
243
217
97
138
43
178
234
202
132
107
246
250
225
61
234
236
46
17
40
209
222
96
74
194
189
72
142
45
113
220
85
80
194
118
78
93
46
115
217
29
54
170
252
232
234
255
159
230
121
146
2
4
107
237
136
232
237
72
88
255
211
176
175
112
179
46
94
64
70
230
213
41
2
212
84
201
59
112
156
219
106
245
240
244
214
194
46
207
199
196
63
113
2
188
222
246
154
82
12
211
193
68
3
150
15
173
166
174
131
181
113
234
18
142
134
47
225
82
59
55
122
24
183
15
190
75
237
82
226
152
23
16
195
66
242
86
77
131
191
15
239
99
207
97
112
141
61
43
198
147
81
40
177
244
148
2
173
40
89
9
232
12
51
88
39
98
245
251
107
118
184
42
86
127
146
105
30
164
155
58
141
87
135
31
56
38
9
177
201
38
113
162
160
44
94
195
130
150
14
140
98
76
20
208
75
64
253
49
243
26
116
241
12
109
189
137
15
247
101
7
203
74
162
182
101
157
170
198
49
53
10
89
209
166
190
192
163
56
200
22
175
36
246
10
225
220
33
30
39
111
253
156
112
119
117
135
137
180
91
127
0
55
176
166
83
152
222
139
1
138
107
18
164
224
66
196
75
16
117
178
24
44
246
211
63
190
207
198
171
51
22
194
103
219
117
33
253
76
28
83
113
225
25
246
181
111
22
125
155
143
195
160
216
182
96
208
231
181
241
122
194
153
79
245
182
246
68
84
167
243
67
198
111
163
218
122
31
75
4
96
38
179
24
84
58
144
195
71
238
138
86
171
80
145
29
96
230
123
59
210
223
162
150
43
208
243
153
144
85
22
195
244
113
110
199
128
118
124
102
63
163
219
172
152
186
74
9
53
231
255
94
242
235
187
195
22
215
70
149
219
130
237
59
76
226
176
155
215
118
187
121
87
109
95
47
33
77
24
200
246
26
80
9
100
52
198
204
236
184
180
13
172
63
142
67
38
163
37
190
162
138
72
32
137
33
203
216
143
119
229
237
242
227
99
128
159
251
116
108
122
124
138
97
243
62
224
194
146
144
128
134
18
179
61
27
51
35
100
171
9
44
75
47
88
121
124
152
134
225
144
139
33
85
195
188
25
194
243
247
154
200
155
28
202
82
183
116
218
222
114
188
99
165
11
18
140
147
221
236
191
51
222
168
88
164
60
144
174
0
57
139
70
222
129
134
243
142
214
140
127
66
162
161
31
84
106
240
121
4
206
170
61
214
62
101
44
252
110
161
60
141
229
73
190
88
32
34
235
120
27
127
25
205
49
215
86
226
158
29
142
155
168
166
193
78
205
87
18
15
161
221
13
123
83
84
5
105
249
85
26
2
77
49
233
4
30
179
169
68
247
52
115
37
165
128
165
52
126
207
254
162
45
131
98
182
164
202
121
249
146
148
138
113
33
107
179
156
38
65
131
113
114
255
181
14
88
249
175
47
210
103
54
39
114
30
246
153
134
114
114
174
16
182
186
142
1
81
8
94
17
61
94
10
173
14
248
92
229
123
204
107
248
191
214
227
48
170
141
197
19
60
64
223
73
177
53
235
102
100
212
192
17
151
56
179
139
84
75
147
0
138
189
63
3
138
200
181
231
20
156
242
248
151
95
82
50
21
129
193
170
234
45
44
157
169
90
61
152
210
197
106
253
61
55
245
36
233
24
72
219
74
17
75
168
51
198
235
199
252
10
217
95
138
46
201
85
103
158
95
163
70
135
167
32
105
48
228
224
191
85
212
230
151
122
173
168
174
211
36
24
2
198
5
181
102
250
54
93
112
26
51
84
76
162
138
237
30
240
83
104
160
117
106
253
125
100
246
40
111
50
218
200
119
9
175
92
12
98
105
116
116
110
244
156
160
147
135
215
229
156
255
82
187
46
124
68
0
52
125
179
238
238
200
157
175
52
255
167
81
75
225
219
70
143
146
22
232
78
21
109
85
192
12
133
224
215
30
98
102
101
149
222
13
144
212
91
158
106
93
2
36
35
197
236
46
118
100
112
139
203
183
237
180
194
72
120
78
194
221
38
150
1
253
103
5
74
112
23
209
71
88
6
242
188
250
112
35
249
40
55
38
172
66
123
92
27
203
177
245
50
182
218
207
206
159
42
161
6
3
106
205
239
91
107
1
18
84
202
134
88
189
121
198
13
1
63
237
72
49
4
152
218
17
149
152
99
197
56
149
57
94
216
116
181
66
168
225
23
175
122
179
96
92
48
181
94
135
77
115
101
250
33
190
155
97
228
204
37
18
127
124
184
78
162
106
4
90
26
184
238
195
110
101
55
107
3
41
123
60
20
224
21
64
99
84
223
252
94
53
32
251
44
40
150
49
98
46
113
141
146
91
82
199
49
55
174
231
99
218
77
30
166
220
130
227
233
228
121
89
9
57
63
91
8
238
188
243
37
254
216
158
137
100
201
100
107
230
175
227
167
41
114
25
17
42
233
152
25
39
197
46
255
231
203
110
236
201
45
119
39
92
133
205
18
135
195
169
100
188
55
121
221
209
100
201
215
29
57
55
38
208
109
6
4
198
233
164
175
74
253
90
43
41
212
62
190
201
246
83
40
102
203
171
206
214
144
11
255
31
202
212
71
60
126
209
45
161
104
48
221
148
208
250
49
144
62
134
98
114
11
240
189
205
41
61
15
147
92
219
64
61
184
118
215
23
226
245
164
142
223
3
142
62
248
53
52
109
43
198
128
9
89
143
78
122
30
212
45
65
123
81
106
175
237
162
71
66
121
146
226
18
164
106
52
57
63
127
16
110
111
35
224
147
110
12
160
59
35
187
64
20
57
96
87
94
186
240
160
192
141
40
168
106
236
227
135
46
122
197
130
75
239
157
68
93
49
0
76
146
239
119
98
79
179
186
183
37
154
110
63
164
202
230
252
100
125
104
43
214
39
104
11
126
143
166
52
215
252
245
50
87
117
134
109
239
42
174
228
149
19
53
21
26
179
73
149
26
248
132
67
165
225
100
143
76
248
187
91
92
203
226
105
32
163
59
30
38
7
79
22
198
124
144
117
35
80
196
88
173
8
0
167
123
80
114
4
212
166
226
163
131
31
87
96
149
86
234
115
166
220
236
66
222
37
176
140
95
146
212
85
12
74
246
120
188
156
246
248
215
73
119
131
17
204
144
241
45
33
38
207
44
1
187
99
115
48
202
139
34
180
203
217
135
238
211
166
172
18
58
230
133
178
127
37
84
33
162
111
73
123
71
110
244
88
246
144
3
245
231
188
214
17
22
1
98
212
215
214
95
123
200
239
178
82
78
59
131
160
112
39
156
82
24
174
90
203
218
16
213
42
194
237
238
92
37
173
151
121
16
29
26
160
13
46
240
195
40
217
135
195
93
243
36
131
148
101
139
249
39
145
154
152
225
142
179
23
210
202
105
21
165
64
251
248
170
26
68
65
64
63
44
97
205
184
160
81
83
250
10
144
207
193
228
19
174
215
196
13
202
126
47
141
191
48
210
54
137
234
169
99
171
142
73
210
196
181
155
123
151
132
41
167
118
141
237
118
128
236
110
135
45
126
133
232
35
214
63
231
102
148
202
179
191
174
11
195
157
136
110
184
82
64
26
14
237
59
97
34
77
255
211
250
25
133
235
241
188
182
79
209
124
49
107
161
237
247
76
29
176
251
214
153
167
138
130
22
172
142
33
103
34
205
237
129
92
38
79
79
33
147
72
117
81
141
193
152
72
60
59
10
216
15
238
43
125
152
6
244
47
221
143
199
196
156
170
27
135
72
25
173
50
201
13
113
80
92
83
141
49
118
247
17
56
186
197
81
67
238
209
32
119
221
164
219
107
93
2
45
223
86
131
68
35
64
75
79
62
216
12
102
58
237
230
220
108
99
141
48
189
218
183
75
170
159
172
212
96
150
239
220
168
104
98
67
112
197
183
14
194
85
29
72
244
155
208
192
203
172
17
61
40
29
119
159
0
200
74
151
249
247
13
136
154
179
224
185
62
56
171
112
33
91
128
206
133
204
164
62
191
216
47
207
128
149
3
247
126
5
93
170
158
97
167
230
249
8
135
182
178
43
73
8
180
40
205
141
170
171
95
66
192
47
26
228
215
155
108
247
139
191
54
29
86
48
56
218
142
176
232
132
109
254
249
180
248
182
204
107
147
164
38
227
57
72
158
173
169
36
164
183
190
149
247
42
107
37
123
32
41
24
32
196
43
15
88
108
146
74
161
122
145
138
115
90
59
73
37
204
60
8
45
155
106
62
40
26
194
169
207
158
147
221
159
10
168
108
5
189
30
192
71
69
169
203
196
248
169
163
129
214
65
217
75
80
161
217
241
218
182
233
244
90
21
168
157
83
234
103
134
44
95
186
206
76
188
235
63
208
227
121
233
4
41
217
23
177
64
83
0
10
90
255
64
127
90
190
188
10
212
171
157
252
11
30
19
200
11
145
166
70
134
57
234
233
43
119
133
104
167
88
188
80
233
174
23
203
71
137
146
133
3
73
32
51
212
80
135
35
161
54
183
32
32
92
177
25
146
9
5
63
254
37
123
244
5
12
130
27
253
11
13
65
164
29
58
240
234
171
28
247
92
243
181
73
130
38
146
92
185
9
255
66
63
255
15
194
91
204
175
131
3
109
191
141
41
9
62
242
202
107
119
171
187
171
143
216
178
8
249
63
135
56
21
60
222
152
43
147
59
22
175
17
123
203
125
130
225
20
44
27
80
143
220
127
194
9
182
154
72
145
184
190
70
234
46
5
152
18
114
63
194
100
88
203
142
46
63
196
209
11
99
17
57
89
155
13
156
94
164
238
44
205
210
152
189
84
129
125
7
88
38
73
114
224
83
147
217
231
237
233
96
143
112
197
85
116
162
171
51
38
12
8
215
177
3
7
234
137
217
60
73
28
148
209
246
105
170
113
222
109
0
153
123
117
227
163
98
127
87
106
233
110
109
208
182
12
224
117
1
23
151
4
183
74
67
231
41
242
239
183
126
217
194
240
28
147
41
15
88
186
60
104
31
152
107
74
100
32
143
130
51
24
120
146
233
91
3
61
134
19
27
255
142
34
75
170
149
189
42
232
216
234
255
175
108
185
16
80
252
218
238
218
13
34
75
151
212
86
233
32
144
104
139
104
161
9
146
44
222
2
213
59
213
189
132
196
205
183
29
176
13
25
58
181
117
137
93
237
199
136
23
117
65
190
135
73
176
184
103
69
21
86
74
190
182
72
105
22
164
80
37
7
61
240
139
39
197
158
183
199
126
39
27
209
243
252
65
1
143
214
130
85
173
10
215
5
215
107
176
237
9
196
172
123
160
109
237
97
86
225
207
146
58
133
150
53
36
247
162
11
175
248
220
22
142
175
145
89
47
59
78
49
44
145
62
86
54
170
196
137
131
219
38
26
243
212
33
159
41
104
9
221
70
48
145
42
242
227
210
215
198
37
47
73
174
17
119
235
112
243
46
243
0
159
89
161
246
54
0
55
205
232
88
20
10
45
167
88
151
172
164
77
92
203
98
215
240
178
88
147
32
58
236
178
3
24
143
236
49
127
123
156
216
219
70
225
129
176
31
155
135
201
111
223
236
33
9
52
79
253
165
63
106
216
47
38
187
194
19
213
14
7
173
2
179
60
86
166
237
230
68
202
68
98
183
12
176
20
1
234
188
71
58
35
112
18
164
90
133
11
118
229
186
206
41
180
79
42
75
19
191
236
116
5
238
143
182
227
41
139
27
206
242
81
19
49
90
143
74
153
102
100
168
132
100
83
222
195
1
98
78
18
252
201
102
78
144
193
86
178
66
194
115
33
12
96
145
197
181
234
196
227
186
29
133
255
252
5
239
88
86
53
111
148
19
122
250
205
31
164
185
11
234
41
155
37
32
24
192
62
67
180
151
131
155
181
171
130
82
81
146
236
129
196
202
64
26
203
37
218
193
19
213
192
221
191
236
255
28
194
169
173
218
2
106
14
93
165
226
81
74
78
88
225
38
109
48
229
130
230
122
23
122
25
191
154
101
88
86
152
46
230
246
94
188
59
24
162
37
91
153
169
98
55
101
20
49
219
161
29
62
233
148
251
114
106
144
162
185
148
30
7
247
105
115
31
194
12
214
236
113
43
203
115
190
112
146
97
80
165
52
89
204
151
228
12
168
104
186
243
77
48
234
14
175
61
151
122
190
150
93
5
47
239
58
96
232
13
144
139
221
32
205
177
167
16
112
162
177
221
54
96
108
43
207
23
147
171
80
201
120
85
148
235
93
205
64
238
247
170
203
48
128
181
75
23
173
78
105
117
229
2
138
182
163
25
175
154
255
117
19
209
218
127
29
117
214
52
99
127
21
254
213
150
135
149
156
153
95
234
113
105
29
175
2
245
94
77
11
147
105
20
9
201
73
155
78
91
124
42
65
117
89
126
30
227
211
88
12
250
10
195
158
36
87
4
108
119
12
42
222
103
73
23
149
250
199
17
17
92
28
119
5
16
138
105
85
169
149
114
116
191
35
20
247
26
173
50
125
142
189
118
209
26
140
71
217
53
252
117
120
197
33
45
9
131
101
31
209
62
51
82
244
100
87
159
155
10
43
145
82
224
44
114
191
197
167
91
44
236
64
185
103
62
41
99
153
217
239
122
24
23
101
18
71
132
178
156
53
4
34
121
252
110
208
124
200
11
176
249
74
68
201
178
134
106
52
47
89
203
234
31
202
27
154
10
232
252
70
53
67
170
163
241
170
146
91
73
207
30
113
161
53
115
223
132
134
117
16
65
137
210
234
218
219
174
95
197
55
158
111
103
150
53
74
252
81
67
172
201
13
83
175
34
41
214
146
68
162
239
25
68
30
9
152
134
254
163
28
168
83
142
234
113
9
34
73
11
7
91
26
211
57
208
137
219
190
21
190
38
83
156
177
36
228
195
10
43
181
6
114
226
121
88
148
102
215
172
245
215
134
181
138
237
9
118
151
213
52
162
34
30
59
33
95
161
1
157
37
201
52
20
6
102
93
60
229
12
123
47
137
83
189
120
94
18
113
189
243
11
183
46
170
159
184
144
79
215
137
74
192
2
181
185
207
139
139
221
36
234
147
156
42
88
164
226
48
26
88
103
168
155
161
151
75
150
203
203
1
73
22
85
201
31
84
195
131
28
76
199
55
201
15
112
228
200
84
231
136
255
41
52
85
23
131
61
19
140
126
186
129
142
81
202
69
108
152
127
77
92
62
211
155
6
177
1
96
27
30
117
52
237
140
5
146
86
120
194
102
155
50
124
126
157
83
199
29
185
239
76
20
167
176
128
72
51
1
47
52
53
172
85
254
236
121
101
112
153
94
17
224
187
35
148
40
19
213
120
64
177
8
38
243
213
148
62
24
121
225
15
39
72
71
186
204
26
137
235
239
37
253
165
172
95
225
33
224
204
70
76
103
9
140
119
199
148
109
141
36
68
161
169
62
93
97
122
165
68
55
117
230
139
160
79
50
215
184
124
189
233
176
34
75
71
201
96
22
246
197
119
55
174
214
141
220
185
58
223
47
179
130
110
226
141
81
51
79
111
138
179
231
148
60
219
110
90
195
251
54
208
90
238
84
169
223
213
185
233
38
62
16
55
210
73
252
134
223
9
48
185
255
34
88
166
117
77
221
202
130
92
172
159
53
96
195
12
78
137
37
235
59
238
179
154
21
92
47
61
170
36
183
70
34
67
112
197
172
238
49
7
157
144
119
180
36
122
42
88
167
23
82
30
234
215
148
208
227
146
7
225
68
186
100
28
83
223
80
88
93
171
107
0
70
98
56
101
36
26
60
155
91
179
100
197
196
7
54
153
0
170
245
84
12
11
112
153
236
61
169
163
20
162
50
105
153
25
96
36
11
209
239
205
19
220
203
1
86
148
81
85
160
33
249
253
106
214
63
234
173
217
114
185
110
246
184
252
45
239
56
139
253
89
62
232
153
57
129
75
7
170
99
111
141
162
211
1
251
32
218
188
111
149
67
246
79
246
20
155
64
89
190
47
139
112
64
217
92
99
138
240
185
168
233
110
122
149
29
108
130
169
70
127
56
44
106
140
4
44
41
174
33
183
81
174
191
214
5
207
206
255
88
95
149
87
250
165
19
227
66
50
100
1
193
252
198
75
83
123
13
97
136
148
41
150
226
88
3
69
116
193
19
22
81
44
77
240
218
80
102
193
33
65
223
175
31
149
237
138
239
239
183
178
154
11
119
66
149
19
92
204
93
119
194
196
96
233
67
245
52
198
12
207
47
133
207
142
199
94
189
74
167
116
85
207
7
79
118
141
109
244
232
86
242
121
196
186
40
80
50
89
239
52
130
217
20
27
7
52
135
42
3
157
38
197
71
162
55
25
11
250
131
239
130
178
146
225
19
227
160
213
177
29
161
141
96
153
1
51
11
50
41
0
67
117
57
239
26
215
107
226
186
55
28
236
67
219
46
61
237
151
139
83
225
41
87
169
53
174
238
91
115
216
205
160
12
116
75
33
180
168
106
25
255
41
144
58
124
151
16
24
148
180
45
226
128
78
85
38
209
120
89
229
208
33
14
66
25
78
199
133
254
92
248
28
93
206
116
130
69
88
34
154
182
245
33
222
74
240
170
48
251
54
92
235
33
235
45
148
9
246
185
231
153
185
75
61
58
227
96
42
16
18
209
96
220
212
253
11
15
217
176
204
188
204
134
88
191
62
90
145
147
13
113
61
92
244
137
254
13
23
140
102
144
143
172
162
21
239
112
86
106
70
238
97
167
37
92
183
144
94
98
24
170
137
28
233
252
187
93
148
46
29
93
39
196
219
71
10
225
243
199
28
98
249
179
143
246
69
134
242
2
255
103
105
21
178
37
125
115
81
135
51
42
217
191
63
30
68
172
205
83
3
17
111
99
133
243
144
137
108
229
9
2
84
137
179
27
73
224
111
212
57
165
82
169
219
84
36
202
107
121
206
37
27
93
181
192
242
40
102
200
94
218
47
101
151
9
44
27
203
212
214
165
240
170
215
223
178
53
255
56
13
52
127
119
132
182
94
1
106
132
229
230
57
189
233
136
117
246
178
249
224
97
201
167
189
210
224
75
248
61
62
115
76
178
58
100
51
53
105
164
109
224
167
16
54
33
138
73
99
162
253
102
143
243
59
1
110
86
177
88
248
90
98
26
217
114
214
20
66
63
54
74
99
107
84
14
108
199
233
250
57
218
116
9
76
151
195
87
126
54
26
63
67
8
246
70
239
8
210
11
182
250
210
20
46
131
37
31
125
202
198
225
220
237
97
223
134
207
188
78
73
172
43
230
155
31
162
240
76
200
170
221
125
234
160
81
81
245
11
190
173
33
2
222
247
79
94
100
239
202
128
171
10
182
174
87
151
209
125
208
186
84
184
162
91
125
199
151
40
76
58
69
91
81
140
78
190
64
33
218
29
63
38
175
251
36
133
25
52
91
107
189
59
32
193
167
165
133
77
73
217
82
22
101
219
44
232
247
158
143
50
170
31
94
232
18
89
209
161
42
240
218
141
37
165
228
51
70
202
176
76
136
35
110
129
90
250
16
148
81
6
77
147
177
25
200
55
226
214
25
230
197
128
149
21
134
84
232
55
106
124
43
7
51
50
140
128
227
229
65
203
0
27
167
122
144
181
42
69
39
93
164
85
80
118
232
144
137
91
176
176
107
51
98
132
172
29
36
82
131
30
146
162
16
203
155
220
88
7
25
77
243
242
109
82
119
251
105
92
187
178
108
139
8
130
233
3
163
126
32
149
103
187
173
93
242
244
102
46
151
243
73
75
247
137
218
94
126
173
103
185
64
18
233
175
202
215
24
43
205
106
162
50
184
19
129
113
15
95
159
120
192
238
254
143
184
56
238
207
59
68
90
55
11
107
42
112
145
229
148
5
111
8
229
66
88
127
204
126
28
97
83
145
163
99
42
88
135
82
179
34
192
139
159
171
16
54
5
245
142
188
68
32
49
235
129
210
56
118
90
232
90
201
55
34
226
54
240
134
59
204
77
144
205
74
166
13
232
108
112
196
181
246
45
80
120
22
74
180
1
220
240
53
37
101
226
204
138
40
83
45
179
97
16
160
179
154
166
123
127
59
198
71
244
46
0
191
239
70
162
103
54
19
1
243
111
84
209
0
151
72
6
194
75
72
137
206
167
37
139
131
254
123
210
80
193
145
145
151
45
199
175
131
87
73
17
179
24
58
165
237
39
190
36
150
182
15
116
181
166
47
69
220
207
31
182
247
88
65
94
7
91
205
117
136
223
97
179
144
40
186
110
200
68
240
160
197
226
50
151
18
84
217
51
108
107
236
167
141
217
213
110
186
186
83
200
214
173
93
158
127
219
113
13
11
56
100
143
169
209
72
31
86
24
170
247
218
143
125
59
212
167
89
128
222
108
52
79
185
214
185
209
18
222
232
226
240
185
190
35
242
136
202
64
141
188
237
198
82
84
41
40
234
68
193
250
103
99
99
22
121
43
227
22
128
221
178
35
52
237
240
89
60
255
21
127
247
222
213
135
17
236
230
85
205
198
54
49
129
33
147
62
189
98
88
49
66
114
87
238
165
163
144
4
132
76
63
239
178
115
201
204
57
78
149
215
142
248
193
3
201
191
20
24
66
42
82
81
215
55
147
180
161
220
25
229
184
204
112
65
77
177
25
58
24
96
110
136
156
110
239
236
53
175
135
21
87
169
14
158
147
31
116
18
117
228
102
251
119
105
186
100
229
17
68
116
12
26
88
27
245
206
75
166
73
9
221
39
171
156
36
159
78
148
99
35
234
184
161
192
63
187
254
180
105
148
28
188
155
68
31
74
211
193
81
156
229
134
83
19
78
35
206
23
175
246
92
84
201
136
241
21
158
82
9
81
74
248
174
82
32
197
250
103
5
127
78
143
48
63
25
58
78
24
36
120
231
204
68
92
230
221
206
210
147
60
150
81
179
37
206
255
196
26
244
231
200
120
0
228
19
42
102
141
58
249
127
24
87
213
79
0
68
29
76
140
177
103
50
105
224
240
226
89
225
230
20
85
240
195
240
15
235
157
30
247
170
47
255
184
109
105
175
186
114
250
70
100
120
67
23
83
190
133
251
174
248
152
221
206
245
80
37
108
231
172
118
244
96
239
56
221
21
200
44
25
186
199
93
126
115
94
61
137
188
72
206
12
116
6
41
173
197
231
219
162
126
178
132
27
232
54
48
234
25
242
70
91
66
244
163
204
45
103
24
227
166
98
77
98
148
104
213
38
83
222
32
53
91
20
99
220
104
242
17
152
42
188
151
151
26
48
240
45
17
123
219
51
185
155
237
175
31
30
23
167
68
44
14
14
133
181
203
50
67
170
176
106
186
182
23
239
205
175
75
6
41
229
162
202
184
128
210
139
238
170
72
215
232
81
36
255
60
173
193
245
220
227
20
92
38
6
29
40
72
163
112
244
237
45
139
67
102
6
141
127
11
211
255
138
145
241
213
171
227
205
212
35
22
123
214
152
12
9
69
228
208
172
188
133
166
188
146
49
210
81
81
220
241
164
188
85
91
249
34
29
114
18
53
153
123
195
201
12
53
73
17
31
154
42
255
14
99
179
27
